attr11
94,92,90,91,95,94,90,97,93,95,96,93,93,90,96,95,96,99,92,97,98,95,92,97,93,95,94,99,98,96,91,93,96,93,92,91,91,94,98,96,94,91,95,100,92,94,90,90

attr12
94,93,92,95,86,86,95,85,89,90,97,85,87,88,94,87,98,91,94,86,88,96,92,93,87,90,88,86,98,86,89,97,92,91,96,87,95,87,94,92,91,93,88,89,99,91,89,93,88,92,89,96,85,90,94,93,97,92,99,90,91,91,90,85,93,90,85,85,88,100,86,87,94,89

attr13
81,71,89,67,87,63,83,76,83,69,61,78,77,67,91,74,72,84,70,86,61,87,87,91,74,81,80,76,76,89,84,68,73,69,89,90,81,88,69,68,63,84,89,89,72,69,67,85,75,77,89,80,71,72,91,85,84,62,72,80,73,61,66,81,75,88,86,86,65,75,80,67,75,91,66,60,83,88,70,74,61,72,90,85,60,74,61,79,73,62,78,65,83,62,67,92,73,64,66,60,81,85,82,85,71,68,60,63,82,64,88,79,77,88,82,66,70,76,86,79,60,82,70,83,85,84,71,70,64,71,91,64,73,86,66,80,64,90,90,69,87,88,63,82,62,86,63,88,65,78,91,86,77,87,89,62,79,76,91,78,87,65,79,68,87,90,92,68,78,77,85,75,65,90,74,90

attr2
74,83,15,81,17,51,46,88,86,19,67,41,50,76,34,63,36,70,43,34,24,80,70,87,54,25,89,87,50,83,44,81,23,73,73,63,39,59,24,90,64,73,51,28,12,58,40,75,48,45,26,51,80,49,16,13,33,41,49,74,32,75,60,38,57,34,61,35,45,37,69,68,77,56,70,61,31,46,42,32,47,48,54,72,90,76,60,36,60,38,38,23,40,58,56,39,31,82,82,42,53,57,31,40,67,27,50,85,25,74,54,37,45,84,14,55,72,73,72,55,45,64,37,53,33,77,52,22,56,44,72,26,52,78,75,42,20,29,49,69,77,61,44,68,29,65,30,32,81,52,76,18,63,57,53,55,66,68,38,62,36,36,17,47,64,79,67,62,43,43,43,40,10,28,65,21,69,65,78,78,39,82,67,52,46,49,66,62,79,47,85,41,85,62,14,59,56,71,79,33,12,71,59,11,88,19,85,48,61,41,71,75,27,48,69,13,60,34,35,18,53,39,35,51,55,77,50,66,15,22,44,86,68,78,83,54,32,35,66,79,80,57,63,42,11,16,65,10,20,64,84,81,37,58,46,82,33,58,80,76,84,74,89,31,21,71,70,47,83,30,59,84

attr3
27,21,79,24,36,44,74,18,38,29,46,55,43,35,10,23,49,22,24,53,19,62,20,38,12,77,28,48,60,27,71,75,54,25,41,82,43,77,41,34,64,49,65,59,70,18,14,33,21,45,21,80,16,73,15,12,17,66,54,45,40,37,39,42,40,18,31,30,22,53,81,67,73,69,55,13,32,76,56,22,45,35,12,19,58,32,50,59,49,33,76,80,26,52,61,75,11,51,19,57,37,47,24,41,38,48,78,71,35,72,15,31,79,44,64,51,25,11,30,50,20,28,63,10,68,66,15,56,32,16,33,46,10,48,50,63,40,58,30,42,61,60,13,29,72,36,17,14,23,39,67,39,52,85,26,20,34,62,26,70,42,14,46,74,47,31,57,69,43,68,44,84,65,25,11,28,34,37,23,36,83,16,47,17,13,78,27,29

ids
202,302,203,301,302,102,102,202,204,201,302,201,202,201,202,303,201,104,201,201,201,203,303,204,203,204,204,103,303,201,101,203,301,204,203,302,202,202,303,303,304,101,201,102,103,201,201,202,302,101,304,102,301,302,302,302,204,103,303,102,202,201,201,201,202,201,303,202,304,204,203,202,302,202,102,202,201,104,203,203,201,303,203,202,201,101,201,301,204,303,201,202,204,304,204,301,303,201,203,204,202,301,202,303,203,101,103,304,202,201,104,301,203,203,101,202,204,303,103,104,202,204,203,201,203,302,201,301,202,102,301,203,203,304,203,104,203,102,104,202,104,102,202,103,304,101,103,204,202,203,301,103,304,101,203,202,304,103,104,103,202,104,302,104,303,202,204,303,302,102,101,204,204,204,202,101,204,303,104,202,301,203,201,204,204,204,102,201,301,301,204,103,203,101,201,102,304,203,304,204,101,304,301,101,303,301,203,202,203,304,201,302,304,102,203,103,304,102,203,301,201,204,201,204,204,202,202,201,101,103,202,301,202,204,204,201,101,204,203,104,202,202,304,202,204,201,303,103,203,104,103,302,101,104,103,102,102,103,203,203,302,201,102,201,201,103,204,301,203,101,204,204,101,302,204,303,204,304,303,304,104,202,104,204,204,203,203,204,301,304,203,303,302,104,203,202,301,201,102,102,101,102,104,201,201,103,302,302,304,203,104,101,203,202,203,201,103,104,302,204

